0.693568372
0.5537418239999999
0.32509257300000005
0.2704630309999998
0.2431922019999999
0.22217989999999999
0.22739629299999997
0.20515234100000024
0.2606780080000002
0.21080833099999996
0.2641705029999999
0.21290810499999946
0.23721833000000014
0.18833202600000032
0.2003488149999999
0.18539616899999967
0.19959937399999994
0.18864153500000036
0.20035008700000034
0.18904872600000022
0.19961924999999958
0.1888380199999995
0.19032629099999987
0.20207824499999916
0.18946815600000022
0.1918757460000009
0.19668251200000064
0.21291197999999945
0.19484316299999982
0.20097318899999905
0.2049939209999998
0.20009319999999953
0.20745583899999964
0.20170801399999938
0.20837266300000046
0.20919803900000034
0.20849169800000134
0.20526463499999892
0.2125682780000009
0.22513773500000056
0.21658619299999948
0.23746270599999875
0.21554538999999906
0.21683592900000015
0.2259818419999995
0.21829666600000053
0.24128860099999905
0.23418500200000025
0.22716491799999972
0.24299230199999933
0.23290448700000077
0.2330830430000006
0.24662017699999694
0.24063401899999803
0.24015943199999867
0.23789419699999925
0.23312903899999782
0.2527295649999992
0.24259064900000027
0.24084603100000024
0.2656267509999992
0.24533106800000226
0.2451838199999976
0.26093226700000116
0.24636194300000014
0.28029186600000244
0.2579325489999995
0.25422761000000094
0.25469596800000005
0.28107829100000004
0.27501411600000125
0.3514331410000011
0.26407209299999934
0.4652598179999998
0.32797945000000084
0.3132625680000025
0.3211084380000031
0.2801129170000003
0.27247573799999714
0.28469182300000284
0.2897767380000005
0.27367166600000203
0.27836143700000093
0.2875445209999974
0.3332408959999995
0.27605833299999816
0.28238055099999926
0.285404290999999
0.29693472399999976
0.285893484999999
0.29623469400000246
0.3035894160000012
0.38626038499999993
0.303422531999999
0.3028128989999992
0.31311020799999767
0.4199083970000004
0.4658452450000041
0.3796257859999983
0.44450065299999864
